01 b6 45 34 38 36 41 30 30 38 31 30 44 38 44 39
36 34 30 30 30 30 39 37 38 31 32 34 37 38 38 33
36 39 33 33 32 37 31 31 30 31 31 30 31 31 30 63
68 75 78 6b 61 5f 30 31 30 00 00 30 00 00 00 00
31 31 30 01 a5 00 00 00 00 00 00 00 00 00 00 00
00 00 00 00 00 00 00 00 00 00 00 00 00 00 00 00
00 00 00 00 00 00 00 00 00 00 00 33 38 30 39 30
00 00 00 00 33 38 30 39 37 31 39 39 39 35 00 00
33 38 34 30 00 00 00 00 00 00 00 00 00 00 00 00
00 33 38 30 39 30 30 35 30 30 30 33 38 32 30 31
31 30 36 30 36 00 00 00 00 00 00 00 00 00 00 00
00 00 00 00 00 00 00 00 00 00 00 00 00 00 00 00
01 30 01 30 10 36 32 32 36 36 34 30 35 30 31 36
35 38 35 30 32 0a 59 52 4a 47 43 30 35 30 30 32
01 30 10 36 32 32 36 36 34 30 35 30 32 35 30 33
31 32 39 00 00 25 36 32 32 36 36 34 30 35 30 31
36 35 38 35 30 32 3d 35 38 31 32 31 32 30 30 30
30 30 30 30 30 33 35 37 33 31 35 04 cd f5 d3 c2
04 79 6f 6e 67 14 b1 ea d7 bc d1 f4 b9 e2 b8 db
b3 c7 cd a8 c1 aa c3 fb bf a8 68 39 39 36 32 32
36 36 34 30 35 30 31 36 35 38 35 30 32 3d 31 35
36 31 35 36 30 35 30 30 30 30 30 30 30 30 30 30
30 30 31 33 30 30 30 30 30 30 32 34 30 30 30 30
30 30 30 30 30 30 30 30 30 30 30 30 30 30 30 30
30 30 30 3d 30 30 30 30 30 30 30 30 30 30 30 30
3d 30 30 30 30 30 30 30 30 30 30 30 30 30 30 30
30 30 30 01 30 10 31 33 41 38 38 38 34 46 32 46
46 30 34 33 34 44                              