01 c1 45 34 38 36 41 30 30 38 31 30 44 38 44 39
36 34 30 30 30 30 39 37 38 31 32 34 37 38 38 33
36 39 33 33 32 37 31 31 30 31 31 30 31 31 30 63
68 75 78 6b 61 5f 30 31 30 00 00 30 00 00 00 00
31 31 30 01 a5 00 00 00 00 00 00 00 00 00 00 00
00 00 00 00 00 00 00 00 00 00 00 00 00 00 00 00
00 00 00 00 00 00 00 00 00 00 00 33 38 34 30 00
00 00 00 32 30 31 31 30 36 30 36 00 01 49 5a 37
31 39 39 39 35 30 30 30 30 30 34 00 00 41 41 41
41 41 41 41 06 4f 48 45 5a 48 48 04 b8 df b5 a4
00 00 00 06 4f 33 38 34 30 32 0a 31 32 33 39 32
36 37 30 33 32 04 cd f5 d3 c2 0c 37 31 39 39 39
35 30 30 30 30 30 34 10 36 32 32 36 36 34 30 35
30 31 36 35 38 35 30 32 10 36 32 32 36 36 34 30
35 30 32 35 30 33 31 32 39 08 bb bb bf a8 b3 c9
b9 a6 06 4f 50 52 54 48 4b 0c 0f 00 09 ca dc c0
ed b1 e0 ba c5 3a 0c 19 01 10 36 32 32 36 36 34
30 35 30 32 35 30 33 31 32 39 0d 0f 01 04 30 2e
30 30 0d 23 01 04 30 2e 30 30 0d 37 01 04 30 2e
30 30 0d 46 01 04 30 2e 30 30 0e 0f 00 09 b7 a2
bf a8 c8 d5 c6 da 3a 0e 19 01 08 32 30 30 38 31
32 31 35 0e 2d 00 00 0e 37 01 00 0f 0f 00 08 c0
cf bf a8 ba c5 20 3a 0f 19 01 10 36 32 32 36 36
34 30 35 30 31 36 35 38 35 30 32 0f 37 00 08 d0
c2 bf a8 ba c5 20 3a 0f 46 01 10 36 32 32 36 36
34 30 35 30 32 35 30 33 31 32 39 10 0f 00 09 d5
ca 20 20 20 20 ba c5 3a 10 19 01 11 33 38 30 39
30 31 36 36 30 30 34 36 38 34 39 37 37 10 37 01
00                                             